	250 nm Particle Size, Log D = 3	
Dose/Solubility Ratio	Permeability	Fraction Absorbed
100000000	1	0.051
100000000	1.129	0.057
100000000	1.274	0.063
100000000	1.438	0.07
100000000	1.624	0.077
100000000	1.833	0.086
100000000	2.069	0.095
100000000	2.336	0.105
100000000	2.637	0.115
100000000	2.976	0.127
100000000	3.36	0.139
100000000	3.793	0.153
100000000	4.281	0.168
100000000	4.833	0.184
100000000	5.456	0.201
100000000	6.158	0.22
100000000	6.952	0.239
100000000	7.848	0.26
100000000	8.859	0.282
100000000	10	0.304
42735042	1	0.115
42735042	1.129	0.128
42735042	1.274	0.142
42735042	1.438	0.158
42735042	1.624	0.175
42735042	1.833	0.194
42735042	2.069	0.214
42735042	2.336	0.236
42735042	2.637	0.261
42735042	2.976	0.287
42735042	3.36	0.315
42735042	3.793	0.346
42735042	4.281	0.379
42735042	4.833	0.416
42735042	5.456	0.455
42735042	6.158	0.496
42735042	6.952	0.54
42735042	7.848	0.587
42735042	8.859	0.635
42735042	10	0.686
18315018	1	0.258
18315018	1.129	0.287
18315018	1.274	0.319
18315018	1.438	0.355
18315018	1.624	0.393
18315018	1.833	0.435
18315018	2.069	0.481
18315018	2.336	0.531
18315018	2.637	0.585
18315018	2.976	0.644
18315018	3.36	0.707
18315018	3.793	0.776
18315018	4.281	0.851
18315018	4.833	0.933
18315018	5.456	1.02
18315018	6.158	1.114
18315018	6.952	1.212
18315018	7.848	1.316
18315018	8.859	1.425
18315018	10	1.538
7874015	1	0.577
7874015	1.129	0.642
7874015	1.274	0.714
7874015	1.438	0.793
7874015	1.624	0.879
7874015	1.833	0.973
7874015	2.069	1.076
7874015	2.336	1.187
7874015	2.637	1.308
7874015	2.976	1.439
7874015	3.36	1.58
7874015	3.793	1.733
7874015	4.281	1.9
7874015	4.833	2.083
7874015	5.456	2.278
7874015	6.158	2.485
7874015	6.952	2.705
7874015	7.848	2.936
7874015	8.859	3.178
7874015	10	3.43
3355704	1	1.285
3355704	1.129	1.43
3355704	1.274	1.589
3355704	1.438	1.764
3355704	1.624	1.955
3355704	1.833	2.164
3355704	2.069	2.392
3355704	2.336	2.64
3355704	2.637	2.908
3355704	2.976	3.199
3355704	3.36	3.513
3355704	3.793	3.852
3355704	4.281	4.222
3355704	4.833	4.627
3355704	5.456	5.059
3355704	6.158	5.518
3355704	6.952	6.003
3355704	7.848	6.515
3355704	8.859	7.05
3355704	10	7.608
1438848	1	2.846
1438848	1.129	3.166
1438848	1.274	3.518
1438848	1.438	3.904
1438848	1.624	4.327
1438848	1.833	4.788
1438848	2.069	5.292
1438848	2.336	5.839
1438848	2.637	6.433
1438848	2.976	7.074
1438848	3.36	7.767
1438848	3.793	8.516
1438848	4.281	9.331
1438848	4.833	10.22
1438848	5.456	11.17
1438848	6.158	12.18
1438848	6.952	13.25
1438848	7.848	14.37
1438848	8.859	15.55
1438848	10	16.77
617283	1	6.27
617283	1.129	6.973
617283	1.274	7.745
617283	1.438	8.593
617283	1.624	9.521
617283	1.833	10.53
617283	2.069	11.64
617283	2.336	12.84
617283	2.637	14.14
617283	2.976	15.55
617283	3.36	17.07
617283	3.793	18.71
617283	4.281	20.45
617283	4.833	22.3
617283	5.456	24.26
617283	6.158	26.32
617283	6.952	28.48
617283	7.848	30.73
617283	8.859	33.07
617283	10	35.48
263852	1	13.72
263852	1.129	15.25
263852	1.274	16.94
263852	1.438	18.77
263852	1.624	20.74
263852	1.833	22.87
263852	2.069	25.16
263852	2.336	27.63
263852	2.637	30.28
263852	2.976	33.12
263852	3.36	36.16
263852	3.793	39.4
263852	4.281	42.89
263852	4.833	46.65
263852	5.456	50.61
263852	6.158	54.76
263852	6.952	59.09
263852	7.848	63.57
263852	8.859	68.18
263852	10	72.88
112866	1	29.23
112866	1.129	32.34
112866	1.274	35.73
112866	1.438	39.4
112866	1.624	43.38
112866	1.833	47.68
112866	2.069	52.31
112866	2.336	57.27
112866	2.637	62.59
112866	2.976	68.26
112866	3.36	73.26
112866	3.793	77.46
112866	4.281	81.07
112866	4.833	84.52
112866	5.456	87.7
112866	6.158	90.55
112866	6.952	93.03
112866	7.848	95.12
112866	8.859	96.81
112866	10	98.08
48309	1	59.96
48309	1.129	65.37
48309	1.274	70.01
48309	1.438	74.71
48309	1.624	79.42
48309	1.833	84.08
48309	2.069	87.78
48309	2.336	91
48309	2.637	93.76
48309	2.976	95.99
48309	3.36	97.61
48309	3.793	98.66
48309	4.281	99.21
48309	4.833	99.45
48309	5.456	99.65
48309	6.158	99.8
48309	6.952	99.91
48309	7.848	99.97
48309	8.859	99.99
48309	10	99.99
20703	1	85.05
20703	1.129	88.74
20703	1.274	91.09
20703	1.438	93.15
20703	1.624	95.02
20703	1.833	96.67
20703	2.069	98.05
20703	2.336	99.15
20703	2.637	99.77
20703	2.976	99.91
20703	3.36	99.95
20703	3.793	99.96
20703	4.281	99.98
20703	4.833	99.99
20703	5.456	99.99
20703	6.158	100
20703	6.952	100
20703	7.848	100
20703	8.859	100
20703	10	100
9090.9	1	95.78
9090.9	1.129	97.61
9090.9	1.274	98.75
9090.9	1.438	99.38
9090.9	1.624	99.7
9090.9	1.833	99.82
9090.9	2.069	99.88
9090.9	2.336	99.93
9090.9	2.637	99.97
9090.9	2.976	99.99
9090.9	3.36	99.99
9090.9	3.793	100
9090.9	4.281	100
9090.9	4.833	100
9090.9	5.456	100
9090.9	6.158	100
9090.9	6.952	100
9090.9	7.848	100
9090.9	8.859	100
9090.9	10	100
3846	1	99.59
3846	1.129	99.74
3846	1.274	99.84
3846	1.438	99.91
3846	1.624	99.95
3846	1.833	99.97
3846	2.069	99.98
3846	2.336	99.99
3846	2.637	99.99
3846	2.976	100
3846	3.36	100
3846	3.793	100
3846	4.281	100
3846	4.833	100
3846	5.456	100
3846	6.158	100
3846	6.952	100
3846	7.848	100
3846	8.859	100
3846	10	100
1612	1	99.84
1612	1.129	99.89
1612	1.274	99.93
1612	1.438	99.95
1612	1.624	99.97
1612	1.833	99.98
1612	2.069	99.99
1612	2.336	99.99
1612	2.637	100
1612	2.976	100
1612	3.36	100
1612	3.793	100
1612	4.281	100
1612	4.833	100
1612	5.456	100
1612	6.158	100
1612	6.952	100
1612	7.848	100
1612	8.859	100
1612	10	100
694.4	1	99.87
694.4	1.129	99.91
694.4	1.274	99.94
694.4	1.438	99.96
694.4	1.624	99.97
694.4	1.833	99.98
694.4	2.069	99.99
694.4	2.336	99.99
694.4	2.637	100
694.4	2.976	100
694.4	3.36	100
694.4	3.793	100
694.4	4.281	100
694.4	4.833	100
694.4	5.456	100
694.4	6.158	100
694.4	6.952	100
694.4	7.848	100
694.4	8.859	100
694.4	10	100
297.6	1	99.87
297.6	1.129	99.91
297.6	1.274	99.94
297.6	1.438	99.96
297.6	1.624	99.97
297.6	1.833	99.98
297.6	2.069	99.99
297.6	2.336	99.99
297.6	2.637	100
297.6	2.976	100
297.6	3.36	100
297.6	3.793	100
297.6	4.281	100
297.6	4.833	100
297.6	5.456	100
297.6	6.158	100
297.6	6.952	100
297.6	7.848	100
297.6	8.859	100
297.6	10	100
127.4	1	99.87
127.4	1.129	99.91
127.4	1.274	99.94
127.4	1.438	99.96
127.4	1.624	99.97
127.4	1.833	99.98
127.4	2.069	99.99
127.4	2.336	99.99
127.4	2.637	100
127.4	2.976	100
127.4	3.36	100
127.4	3.793	100
127.4	4.281	100
127.4	4.833	100
127.4	5.456	100
127.4	6.158	100
127.4	6.952	100
127.4	7.848	100
127.4	8.859	100
127.4	10	100
54.56	1	99.87
54.56	1.129	99.91
54.56	1.274	99.94
54.56	1.438	99.96
54.56	1.624	99.97
54.56	1.833	99.98
54.56	2.069	99.99
54.56	2.336	99.99
54.56	2.637	100
54.56	2.976	100
54.56	3.36	100
54.56	3.793	100
54.56	4.281	100
54.56	4.833	100
54.56	5.456	100
54.56	6.158	100
54.56	6.952	100
54.56	7.848	100
54.56	8.859	100
54.56	10	100
23.34	1	99.87
23.34	1.129	99.91
23.34	1.274	99.94
23.34	1.438	99.96
23.34	1.624	99.97
23.34	1.833	99.98
23.34	2.069	99.99
23.34	2.336	99.99
23.34	2.637	100
23.34	2.976	100
23.34	3.36	100
23.34	3.793	100
23.34	4.281	100
23.34	4.833	100
23.34	5.456	100
23.34	6.158	100
23.34	6.952	100
23.34	7.848	100
23.34	8.859	100
23.34	10	100
10	1	99.87
10	1.129	99.91
10	1.274	99.94
10	1.438	99.96
10	1.624	99.97
10	1.833	99.98
10	2.069	99.99
10	2.336	99.99
10	2.637	100
10	2.976	100
10	3.36	100
10	3.793	100
10	4.281	100
10	4.833	100
10	5.456	100
10	6.158	100
10	6.952	100
10	7.848	100
10	8.859	100
10	10	100
